116 1774789292671
134 1774789337941
128 1774789400390
146 1774789498273
120 1774789566842
121 1774789681338
101 1774789778997
107 1774789828240
103 1774789907134
127 1774790005470
124 1774790099027
139 1774790176347
113 1774790218332
147 1774790323792
105 1774790421248
142 1774790516819
151 1774790669598
150 1774790713389
111 1774790791940
131 1774790908625
120 1774790975347
106 1774790990200
109 1774791043832
121 1774791065820
146 1774791098046
144 1774791161512
107 1774791182869
119 1774791259361
134 1774791283151
128 1774791283911
141 1774791360360
148 1774791440511
101 1774791521959
116 1774791543403
113 1774791621044
132 1774791623757
139 1774791630051
127 1774791667502
153 1774791703360
103 1774791732454
149 1774791784699
124 1774791842214
110 1774791895596
140 1774791994124
102 1774792024457
145 1774792055097
114 1774792138841
152 1774792190870
147 1774792196906
126 1774792223476
118 1774792278155
104 1774792348692
142 1774792352794
138 1774792393643
111 1774792419582
108 1774792432250
109 1774792454289
105 1774792465267
117 1774792477063
151 1774792507119
130 1774792550973
129 1774792663867
135 1774792687293
143 1774792699706
137 1774792785541
141 1774792790292
131 1774792826915
100 1774792830695
133 1774792888012
125 1774792890696
115 1774792923912
150 1774792961733
144 1774792969842
106 1774792977868
112 1774792984747
119 1774793047112
136 1774793095835
123 1774793129320
121 1774793164061
122 1774793197589
116 1774793202371
110 1774793541165
145 1774793606229
152 1774793623093
140 1774793679271
126 1774793686082
132 1774793687606
102 1774793701499
114 1774793797178
127 1774793844780
149 1774793890571
153 1774793915771
138 1774793990702
130 1774793991958
118 1774794102107
137 1774794113702
104 1774794282517
125 1774794302216
115 1774794562176
143 1774794576236
108 1774794589662
117 1774794613924
122 1774794735648
136 1774794760758
100 1774794778435
129 1774794881561
112 1774795105660
110 1774795185052
123 1774795211401
123 1774796832849
